
LAGRANGE = 1

L2 NORM
N/mesh  1           10          100
8       0.0328      0.6775      159.9224
16      0.0085      0.3634      247.3597
32      0.0021      0.1779      2.5068
64      0.0005      0.0549      3.6142

H1 NORM
N/mesh  1            10             100
8       0.43611616   25.51151631    3232.51360546
16      0.21810459   17.23357873    4689.64045220
32      0.10904725   10.54385048    450.33238520
64      0.05452270   5.43087909     534.88053004



LAGRANGE = 2

L2 NORM
N/mesh  1             10           100
8       0.00056880    0.42444612   293.08481819
16      0.00006933    0.08864854   90.52742877
32      0.00000861    0.01017424   4.57194541
64      0.00000108    0.00113884   1.47234385


H1 NORM
N/mesh  1             10            100
8       0.03314086    17.66688309   5315.73621535
16      0.00838664    6.71715133    1657.67783190
32      0.00210537    1.96195378    702.19909726
64      0.00052716    0.51734696    270.00322078
